10
267 -679 -255 2939 -775 3814 -3379 843 2380 -1237
-4622 -10641 8278 -18912 3385 -17519 4859 8260 -16344 11661
4921 14350 -9878 23150 -2163 19416 -3430 -12244 16882 -14936
5861 7148 -8228 18351 -6919 21562 -11075 -3212 22359 -10540
-8134 -25384 16867 -36851 3453 -29069 1337 21900 -26072 23412
-6173 -21354 13562 -31261 1481 -23782 579 19146 -19813 20285
-30 -5164 1758 -2865 -2116 1089 -5052 5731 1814 2649
8504 18100 -14155 26291 -6818 24917 -4638 -13034 27670 -16866
-13391 -31403 23351 -47899 8502 -44056 9868 24243 -44938 32161
1746 4413 -3103 -1812 -2862 -3389 7426 -2725 1905 2737
